load_network 100
0 -1 -2 -3 -4 -5 -6 -7 -8 -9 -10 -11 -12 -13 -14 -15 -16 -17 -18 -19 -20 -21 -22 -23 -24 -25 -26 -27 -28 -29 -30 -31 -32 -33 -34 -35 -36 -37 -38 -39 -40 -41 -42 -43 -44 -45 -46 -47 -48 -49 -50 -51 -52 -53 -54 -55 -56 -57 -58 -59 -60 -61 -62 -63 -64 -65 -66 -67 -68 -69 -70 -71 -72 -73 -74 -75 -76 -77 -78 -79 -80 -81 -82 -83 -84 -85 -86 -87 -88 -89 -90 -91 -92 -93 -94 -95 -96 -97 -98 -99
name0 name1 name2 name3 name4 name5 name6 name7 name8 name9 name10 name11 name12 name13 name14 name15 name16 name17 name18 name19 name20 name21 name22 name23 name24 name25 name26 name27 name28 name29 name30 name31 name32 name33 name34 name35 name36 name37 name38 name39 name40 name41 name42 name43 name44 name45 name46 name47 name48 name49 name50 name51 name52 name53 name54 name55 name56 name57 name58 name59 name60 name61 name62 name63 name64 name65 name66 name67 name68 name69 name70 name71 name72 name73 name74 name75 name76 name77 name78 name79 name80 name81 name82 name83 name84 name85 name86 name87 name88 name89 name90 name91 name92 name93 name94 name95 name96 name97 name98 name99
44 25 194 95 77 103 134 142 28 64 169 59 27 130 79 20 124 109 134 147 78 7 34 137 38 8 93 72 169 120 140 21 53 160 181 64 96 84 3 97 136 122 36 145 129 95 18 162 37 175 150 60 197 94 51 61 134 72 142 44 23 122 43 179 111 83 186 126 67 58 97 196 101 189 3 57 96 35 6 181 104 127 66 117 54 169 85 116 185 34 172 61 104 156 4 88 68 149 127 39
1
1 1
1 1 1
1 1 1 1
1 1 1 1 1
1 1 1 1 1 1
1 1 1 1 1 1 1
1 1 1 1 1 1 1 1
1 1 1 1 1 1 1 1 1
1 1 1 1 1 1 1 1 1 1
1 1 1 1 1 1 1 1 1 1 1
1 1 1 1 1 1 1 1 1 1 1 1
1 1 1 1 1 1 1 1 1 1 1 1 1
1 1 1 1 1 1 1 1 1 1 1 1 1 1
1 1 1 1 1 1 1 1 1 1 1 1 1 1 1
1 1 1 1 1 1 1 1 1 1 1 1 1 1 1 1
1 1 1 1 1 1 1 1 1 1 1 1 1 1 1 1 1
1 1 1 1 1 1 1 1 1 1 1 1 1 1 1 1 1 1
1 1 1 1 1 1 1 1 1 1 1 1 1 1 1 1 1 1 1
1 1 1 1 1 1 1 1 1 1 1 1 1 1 1 1 1 1 1 1
1 1 1 1 1 1 1 1 1 1 1 1 1 1 1 1 1 1 1 1 1
1 1 1 1 1 1 1 1 1 1 1 1 1 1 1 1 1 1 1 1 1 1
1 1 1 1 1 1 1 1 1 1 1 1 1 1 1 1 1 1 1 1 1 1 1
1 1 1 1 1 1 1 1 1 1 1 1 1 1 1 1 1 1 1 1 1 1 1 1
1 1 1 1 1 1 1 1 1 1 1 1 1 1 1 1 1 1 1 1 1 1 1 1 1
1 1 1 1 1 1 1 1 1 1 1 1 1 1 1 1 1 1 1 1 1 1 1 1 1 1
1 1 1 1 1 1 1 1 1 1 1 1 1 1 1 1 1 1 1 1 1 1 1 1 1 1 1
1 1 1 1 1 1 1 1 1 1 1 1 1 1 1 1 1 1 1 1 1 1 1 1 1 1 1 1
1 1 1 1 1 1 1 1 1 1 1 1 1 1 1 1 1 1 1 1 1 1 1 1 1 1 1 1 1
1 1 1 1 1 1 1 1 1 1 1 1 1 1 1 1 1 1 1 1 1 1 1 1 1 1 1 1 1 1
1 1 1 1 1 1 1 1 1 1 1 1 1 1 1 1 1 1 1 1 1 1 1 1 1 1 1 1 1 1 1
1 1 1 1 1 1 1 1 1 1 1 1 1 1 1 1 1 1 1 1 1 1 1 1 1 1 1 1 1 1 1 1
1 1 1 1 1 1 1 1 1 1 1 1 1 1 1 1 1 1 1 1 1 1 1 1 1 1 1 1 1 1 1 1 1
1 1 1 1 1 1 1 1 1 1 1 1 1 1 1 1 1 1 1 1 1 1 1 1 1 1 1 1 1 1 1 1 1 1
1 1 1 1 1 1 1 1 1 1 1 1 1 1 1 1 1 1 1 1 1 1 1 1 1 1 1 1 1 1 1 1 1 1 1
1 1 1 1 1 1 1 1 1 1 1 1 1 1 1 1 1 1 1 1 1 1 1 1 1 1 1 1 1 1 1 1 1 1 1 1
1 1 1 1 1 1 1 1 1 1 1 1 1 1 1 1 1 1 1 1 1 1 1 1 1 1 1 1 1 1 1 1 1 1 1 1 1
1 1 1 1 1 1 1 1 1 1 1 1 1 1 1 1 1 1 1 1 1 1 1 1 1 1 1 1 1 1 1 1 1 1 1 1 1 1
1 1 1 1 1 1 1 1 1 1 1 1 1 1 1 1 1 1 1 1 1 1 1 1 1 1 1 1 1 1 1 1 1 1 1 1 1 1 1
1 1 1 1 1 1 1 1 1 1 1 1 1 1 1 1 1 1 1 1 1 1 1 1 1 1 1 1 1 1 1 1 1 1 1 1 1 1 1 1
1 1 1 1 1 1 1 1 1 1 1 1 1 1 1 1 1 1 1 1 1 1 1 1 1 1 1 1 1 1 1 1 1 1 1 1 1 1 1 1 1
1 1 1 1 1 1 1 1 1 1 1 1 1 1 1 1 1 1 1 1 1 1 1 1 1 1 1 1 1 1 1 1 1 1 1 1 1 1 1 1 1 1
1 1 1 1 1 1 1 1 1 1 1 1 1 1 1 1 1 1 1 1 1 1 1 1 1 1 1 1 1 1 1 1 1 1 1 1 1 1 1 1 1 1 1
1 1 1 1 1 1 1 1 1 1 1 1 1 1 1 1 1 1 1 1 1 1 1 1 1 1 1 1 1 1 1 1 1 1 1 1 1 1 1 1 1 1 1 1
1 1 1 1 1 1 1 1 1 1 1 1 1 1 1 1 1 1 1 1 1 1 1 1 1 1 1 1 1 1 1 1 1 1 1 1 1 1 1 1 1 1 1 1 1
1 1 1 1 1 1 1 1 1 1 1 1 1 1 1 1 1 1 1 1 1 1 1 1 1 1 1 1 1 1 1 1 1 1 1 1 1 1 1 1 1 1 1 1 1 1
1 1 1 1 1 1 1 1 1 1 1 1 1 1 1 1 1 1 1 1 1 1 1 1 1 1 1 1 1 1 1 1 1 1 1 1 1 1 1 1 1 1 1 1 1 1 1
1 1 1 1 1 1 1 1 1 1 1 1 1 1 1 1 1 1 1 1 1 1 1 1 1 1 1 1 1 1 1 1 1 1 1 1 1 1 1 1 1 1 1 1 1 1 1 1
1 1 1 1 1 1 1 1 1 1 1 1 1 1 1 1 1 1 1 1 1 1 1 1 1 1 1 1 1 1 1 1 1 1 1 1 1 1 1 1 1 1 1 1 1 1 1 1 1
1 1 1 1 1 1 1 1 1 1 1 1 1 1 1 1 1 1 1 1 1 1 1 1 1 1 1 1 1 1 1 1 1 1 1 1 1 1 1 1 1 1 1 1 1 1 1 1 1 1
1 1 1 1 1 1 1 1 1 1 1 1 1 1 1 1 1 1 1 1 1 1 1 1 1 1 1 1 1 1 1 1 1 1 1 1 1 1 1 1 1 1 1 1 1 1 1 1 1 1 1
1 1 1 1 1 1 1 1 1 1 1 1 1 1 1 1 1 1 1 1 1 1 1 1 1 1 1 1 1 1 1 1 1 1 1 1 1 1 1 1 1 1 1 1 1 1 1 1 1 1 1 1
1 1 1 1 1 1 1 1 1 1 1 1 1 1 1 1 1 1 1 1 1 1 1 1 1 1 1 1 1 1 1 1 1 1 1 1 1 1 1 1 1 1 1 1 1 1 1 1 1 1 1 1 1
1 1 1 1 1 1 1 1 1 1 1 1 1 1 1 1 1 1 1 1 1 1 1 1 1 1 1 1 1 1 1 1 1 1 1 1 1 1 1 1 1 1 1 1 1 1 1 1 1 1 1 1 1 1
1 1 1 1 1 1 1 1 1 1 1 1 1 1 1 1 1 1 1 1 1 1 1 1 1 1 1 1 1 1 1 1 1 1 1 1 1 1 1 1 1 1 1 1 1 1 1 1 1 1 1 1 1 1 1
1 1 1 1 1 1 1 1 1 1 1 1 1 1 1 1 1 1 1 1 1 1 1 1 1 1 1 1 1 1 1 1 1 1 1 1 1 1 1 1 1 1 1 1 1 1 1 1 1 1 1 1 1 1 1 1
1 1 1 1 1 1 1 1 1 1 1 1 1 1 1 1 1 1 1 1 1 1 1 1 1 1 1 1 1 1 1 1 1 1 1 1 1 1 1 1 1 1 1 1 1 1 1 1 1 1 1 1 1 1 1 1 1
1 1 1 1 1 1 1 1 1 1 1 1 1 1 1 1 1 1 1 1 1 1 1 1 1 1 1 1 1 1 1 1 1 1 1 1 1 1 1 1 1 1 1 1 1 1 1 1 1 1 1 1 1 1 1 1 1 1
1 1 1 1 1 1 1 1 1 1 1 1 1 1 1 1 1 1 1 1 1 1 1 1 1 1 1 1 1 1 1 1 1 1 1 1 1 1 1 1 1 1 1 1 1 1 1 1 1 1 1 1 1 1 1 1 1 1 1
1 1 1 1 1 1 1 1 1 1 1 1 1 1 1 1 1 1 1 1 1 1 1 1 1 1 1 1 1 1 1 1 1 1 1 1 1 1 1 1 1 1 1 1 1 1 1 1 1 1 1 1 1 1 1 1 1 1 1 1
1 1 1 1 1 1 1 1 1 1 1 1 1 1 1 1 1 1 1 1 1 1 1 1 1 1 1 1 1 1 1 1 1 1 1 1 1 1 1 1 1 1 1 1 1 1 1 1 1 1 1 1 1 1 1 1 1 1 1 1 1
1 1 1 1 1 1 1 1 1 1 1 1 1 1 1 1 1 1 1 1 1 1 1 1 1 1 1 1 1 1 1 1 1 1 1 1 1 1 1 1 1 1 1 1 1 1 1 1 1 1 1 1 1 1 1 1 1 1 1 1 1 1
1 1 1 1 1 1 1 1 1 1 1 1 1 1 1 1 1 1 1 1 1 1 1 1 1 1 1 1 1 1 1 1 1 1 1 1 1 1 1 1 1 1 1 1 1 1 1 1 1 1 1 1 1 1 1 1 1 1 1 1 1 1 1
1 1 1 1 1 1 1 1 1 1 1 1 1 1 1 1 1 1 1 1 1 1 1 1 1 1 1 1 1 1 1 1 1 1 1 1 1 1 1 1 1 1 1 1 1 1 1 1 1 1 1 1 1 1 1 1 1 1 1 1 1 1 1 1
1 1 1 1 1 1 1 1 1 1 1 1 1 1 1 1 1 1 1 1 1 1 1 1 1 1 1 1 1 1 1 1 1 1 1 1 1 1 1 1 1 1 1 1 1 1 1 1 1 1 1 1 1 1 1 1 1 1 1 1 1 1 1 1 1
1 1 1 1 1 1 1 1 1 1 1 1 1 1 1 1 1 1 1 1 1 1 1 1 1 1 1 1 1 1 1 1 1 1 1 1 1 1 1 1 1 1 1 1 1 1 1 1 1 1 1 1 1 1 1 1 1 1 1 1 1 1 1 1 1 1
1 1 1 1 1 1 1 1 1 1 1 1 1 1 1 1 1 1 1 1 1 1 1 1 1 1 1 1 1 1 1 1 1 1 1 1 1 1 1 1 1 1 1 1 1 1 1 1 1 1 1 1 1 1 1 1 1 1 1 1 1 1 1 1 1 1 1
1 1 1 1 1 1 1 1 1 1 1 1 1 1 1 1 1 1 1 1 1 1 1 1 1 1 1 1 1 1 1 1 1 1 1 1 1 1 1 1 1 1 1 1 1 1 1 1 1 1 1 1 1 1 1 1 1 1 1 1 1 1 1 1 1 1 1 1
1 1 1 1 1 1 1 1 1 1 1 1 1 1 1 1 1 1 1 1 1 1 1 1 1 1 1 1 1 1 1 1 1 1 1 1 1 1 1 1 1 1 1 1 1 1 1 1 1 1 1 1 1 1 1 1 1 1 1 1 1 1 1 1 1 1 1 1 1
1 1 1 1 1 1 1 1 1 1 1 1 1 1 1 1 1 1 1 1 1 1 1 1 1 1 1 1 1 1 1 1 1 1 1 1 1 1 1 1 1 1 1 1 1 1 1 1 1 1 1 1 1 1 1 1 1 1 1 1 1 1 1 1 1 1 1 1 1 1
1 1 1 1 1 1 1 1 1 1 1 1 1 1 1 1 1 1 1 1 1 1 1 1 1 1 1 1 1 1 1 1 1 1 1 1 1 1 1 1 1 1 1 1 1 1 1 1 1 1 1 1 1 1 1 1 1 1 1 1 1 1 1 1 1 1 1 1 1 1 1
1 1 1 1 1 1 1 1 1 1 1 1 1 1 1 1 1 1 1 1 1 1 1 1 1 1 1 1 1 1 1 1 1 1 1 1 1 1 1 1 1 1 1 1 1 1 1 1 1 1 1 1 1 1 1 1 1 1 1 1 1 1 1 1 1 1 1 1 1 1 1 1
1 1 1 1 1 1 1 1 1 1 1 1 1 1 1 1 1 1 1 1 1 1 1 1 1 1 1 1 1 1 1 1 1 1 1 1 1 1 1 1 1 1 1 1 1 1 1 1 1 1 1 1 1 1 1 1 1 1 1 1 1 1 1 1 1 1 1 1 1 1 1 1 1
1 1 1 1 1 1 1 1 1 1 1 1 1 1 1 1 1 1 1 1 1 1 1 1 1 1 1 1 1 1 1 1 1 1 1 1 1 1 1 1 1 1 1 1 1 1 1 1 1 1 1 1 1 1 1 1 1 1 1 1 1 1 1 1 1 1 1 1 1 1 1 1 1 1
1 1 1 1 1 1 1 1 1 1 1 1 1 1 1 1 1 1 1 1 1 1 1 1 1 1 1 1 1 1 1 1 1 1 1 1 1 1 1 1 1 1 1 1 1 1 1 1 1 1 1 1 1 1 1 1 1 1 1 1 1 1 1 1 1 1 1 1 1 1 1 1 1 1 1
1 1 1 1 1 1 1 1 1 1 1 1 1 1 1 1 1 1 1 1 1 1 1 1 1 1 1 1 1 1 1 1 1 1 1 1 1 1 1 1 1 1 1 1 1 1 1 1 1 1 1 1 1 1 1 1 1 1 1 1 1 1 1 1 1 1 1 1 1 1 1 1 1 1 1 1
1 1 1 1 1 1 1 1 1 1 1 1 1 1 1 1 1 1 1 1 1 1 1 1 1 1 1 1 1 1 1 1 1 1 1 1 1 1 1 1 1 1 1 1 1 1 1 1 1 1 1 1 1 1 1 1 1 1 1 1 1 1 1 1 1 1 1 1 1 1 1 1 1 1 1 1 1
1 1 1 1 1 1 1 1 1 1 1 1 1 1 1 1 1 1 1 1 1 1 1 1 1 1 1 1 1 1 1 1 1 1 1 1 1 1 1 1 1 1 1 1 1 1 1 1 1 1 1 1 1 1 1 1 1 1 1 1 1 1 1 1 1 1 1 1 1 1 1 1 1 1 1 1 1 1
1 1 1 1 1 1 1 1 1 1 1 1 1 1 1 1 1 1 1 1 1 1 1 1 1 1 1 1 1 1 1 1 1 1 1 1 1 1 1 1 1 1 1 1 1 1 1 1 1 1 1 1 1 1 1 1 1 1 1 1 1 1 1 1 1 1 1 1 1 1 1 1 1 1 1 1 1 1 1
1 1 1 1 1 1 1 1 1 1 1 1 1 1 1 1 1 1 1 1 1 1 1 1 1 1 1 1 1 1 1 1 1 1 1 1 1 1 1 1 1 1 1 1 1 1 1 1 1 1 1 1 1 1 1 1 1 1 1 1 1 1 1 1 1 1 1 1 1 1 1 1 1 1 1 1 1 1 1 1
1 1 1 1 1 1 1 1 1 1 1 1 1 1 1 1 1 1 1 1 1 1 1 1 1 1 1 1 1 1 1 1 1 1 1 1 1 1 1 1 1 1 1 1 1 1 1 1 1 1 1 1 1 1 1 1 1 1 1 1 1 1 1 1 1 1 1 1 1 1 1 1 1 1 1 1 1 1 1 1 1
1 1 1 1 1 1 1 1 1 1 1 1 1 1 1 1 1 1 1 1 1 1 1 1 1 1 1 1 1 1 1 1 1 1 1 1 1 1 1 1 1 1 1 1 1 1 1 1 1 1 1 1 1 1 1 1 1 1 1 1 1 1 1 1 1 1 1 1 1 1 1 1 1 1 1 1 1 1 1 1 1 1
1 1 1 1 1 1 1 1 1 1 1 1 1 1 1 1 1 1 1 1 1 1 1 1 1 1 1 1 1 1 1 1 1 1 1 1 1 1 1 1 1 1 1 1 1 1 1 1 1 1 1 1 1 1 1 1 1 1 1 1 1 1 1 1 1 1 1 1 1 1 1 1 1 1 1 1 1 1 1 1 1 1 1
1 1 1 1 1 1 1 1 1 1 1 1 1 1 1 1 1 1 1 1 1 1 1 1 1 1 1 1 1 1 1 1 1 1 1 1 1 1 1 1 1 1 1 1 1 1 1 1 1 1 1 1 1 1 1 1 1 1 1 1 1 1 1 1 1 1 1 1 1 1 1 1 1 1 1 1 1 1 1 1 1 1 1 1
1 1 1 1 1 1 1 1 1 1 1 1 1 1 1 1 1 1 1 1 1 1 1 1 1 1 1 1 1 1 1 1 1 1 1 1 1 1 1 1 1 1 1 1 1 1 1 1 1 1 1 1 1 1 1 1 1 1 1 1 1 1 1 1 1 1 1 1 1 1 1 1 1 1 1 1 1 1 1 1 1 1 1 1 1
1 1 1 1 1 1 1 1 1 1 1 1 1 1 1 1 1 1 1 1 1 1 1 1 1 1 1 1 1 1 1 1 1 1 1 1 1 1 1 1 1 1 1 1 1 1 1 1 1 1 1 1 1 1 1 1 1 1 1 1 1 1 1 1 1 1 1 1 1 1 1 1 1 1 1 1 1 1 1 1 1 1 1 1 1 1
1 1 1 1 1 1 1 1 1 1 1 1 1 1 1 1 1 1 1 1 1 1 1 1 1 1 1 1 1 1 1 1 1 1 1 1 1 1 1 1 1 1 1 1 1 1 1 1 1 1 1 1 1 1 1 1 1 1 1 1 1 1 1 1 1 1 1 1 1 1 1 1 1 1 1 1 1 1 1 1 1 1 1 1 1 1 1
1 1 1 1 1 1 1 1 1 1 1 1 1 1 1 1 1 1 1 1 1 1 1 1 1 1 1 1 1 1 1 1 1 1 1 1 1 1 1 1 1 1 1 1 1 1 1 1 1 1 1 1 1 1 1 1 1 1 1 1 1 1 1 1 1 1 1 1 1 1 1 1 1 1 1 1 1 1 1 1 1 1 1 1 1 1 1 1
1 1 1 1 1 1 1 1 1 1 1 1 1 1 1 1 1 1 1 1 1 1 1 1 1 1 1 1 1 1 1 1 1 1 1 1 1 1 1 1 1 1 1 1 1 1 1 1 1 1 1 1 1 1 1 1 1 1 1 1 1 1 1 1 1 1 1 1 1 1 1 1 1 1 1 1 1 1 1 1 1 1 1 1 1 1 1 1 1
1 1 1 1 1 1 1 1 1 1 1 1 1 1 1 1 1 1 1 1 1 1 1 1 1 1 1 1 1 1 1 1 1 1 1 1 1 1 1 1 1 1 1 1 1 1 1 1 1 1 1 1 1 1 1 1 1 1 1 1 1 1 1 1 1 1 1 1 1 1 1 1 1 1 1 1 1 1 1 1 1 1 1 1 1 1 1 1 1 1
1 1 1 1 1 1 1 1 1 1 1 1 1 1 1 1 1 1 1 1 1 1 1 1 1 1 1 1 1 1 1 1 1 1 1 1 1 1 1 1 1 1 1 1 1 1 1 1 1 1 1 1 1 1 1 1 1 1 1 1 1 1 1 1 1 1 1 1 1 1 1 1 1 1 1 1 1 1 1 1 1 1 1 1 1 1 1 1 1 1 1
1 1 1 1 1 1 1 1 1 1 1 1 1 1 1 1 1 1 1 1 1 1 1 1 1 1 1 1 1 1 1 1 1 1 1 1 1 1 1 1 1 1 1 1 1 1 1 1 1 1 1 1 1 1 1 1 1 1 1 1 1 1 1 1 1 1 1 1 1 1 1 1 1 1 1 1 1 1 1 1 1 1 1 1 1 1 1 1 1 1 1 1
1 1 1 1 1 1 1 1 1 1 1 1 1 1 1 1 1 1 1 1 1 1 1 1 1 1 1 1 1 1 1 1 1 1 1 1 1 1 1 1 1 1 1 1 1 1 1 1 1 1 1 1 1 1 1 1 1 1 1 1 1 1 1 1 1 1 1 1 1 1 1 1 1 1 1 1 1 1 1 1 1 1 1 1 1 1 1 1 1 1 1 1 1
1 1 1 1 1 1 1 1 1 1 1 1 1 1 1 1 1 1 1 1 1 1 1 1 1 1 1 1 1 1 1 1 1 1 1 1 1 1 1 1 1 1 1 1 1 1 1 1 1 1 1 1 1 1 1 1 1 1 1 1 1 1 1 1 1 1 1 1 1 1 1 1 1 1 1 1 1 1 1 1 1 1 1 1 1 1 1 1 1 1 1 1 1 1
1 1 1 1 1 1 1 1 1 1 1 1 1 1 1 1 1 1 1 1 1 1 1 1 1 1 1 1 1 1 1 1 1 1 1 1 1 1 1 1 1 1 1 1 1 1 1 1 1 1 1 1 1 1 1 1 1 1 1 1 1 1 1 1 1 1 1 1 1 1 1 1 1 1 1 1 1 1 1 1 1 1 1 1 1 1 1 1 1 1 1 1 1 1 1
1 1 1 1 1 1 1 1 1 1 1 1 1 1 1 1 1 1 1 1 1 1 1 1 1 1 1 1 1 1 1 1 1 1 1 1 1 1 1 1 1 1 1 1 1 1 1 1 1 1 1 1 1 1 1 1 1 1 1 1 1 1 1 1 1 1 1 1 1 1 1 1 1 1 1 1 1 1 1 1 1 1 1 1 1 1 1 1 1 1 1 1 1 1 1 1
1 1 1 1 1 1 1 1 1 1 1 1 1 1 1 1 1 1 1 1 1 1 1 1 1 1 1 1 1 1 1 1 1 1 1 1 1 1 1 1 1 1 1 1 1 1 1 1 1 1 1 1 1 1 1 1 1 1 1 1 1 1 1 1 1 1 1 1 1 1 1 1 1 1 1 1 1 1 1 1 1 1 1 1 1 1 1 1 1 1 1 1 1 1 1 1 1
1 1 1 1 1 1 1 1 1 1 1 1 1 1 1 1 1 1 1 1 1 1 1 1 1 1 1 1 1 1 1 1 1 1 1 1 1 1 1 1 1 1 1 1 1 1 1 1 1 1 1 1 1 1 1 1 1 1 1 1 1 1 1 1 1 1 1 1 1 1 1 1 1 1 1 1 1 1 1 1 1 1 1 1 1 1 1 1 1 1 1 1 1 1 1 1 1 1
1 1 1 1 1 1 1 1 1 1 1 1 1 1 1 1 1 1 1 1 1 1 1 1 1 1 1 1 1 1 1 1 1 1 1 1 1 1 1 1 1 1 1 1 1 1 1 1 1 1 1 1 1 1 1 1 1 1 1 1 1 1 1 1 1 1 1 1 1 1 1 1 1 1 1 1 1 1 1 1 1 1 1 1 1 1 1 1 1 1 1 1 1 1 1 1 1 1 1
ap 1 name 12
ap 2 name 12
ap 3 name 12
ap 4 name 12
ap 5 name 12
ap 6 name 12
ap 7 name 12
ap 8 name 12
ap 9 name 12
ap 10 name 12
ap 11 name 12
ap 12 name 12
ap 13 name 12
ap 14 name 12
ap 15 name 12
ap 16 name 12
ap 17 name 12
ap 18 name 12
ap 19 name 12
ap 20 name 12
ap 21 name 12
ap 22 name 12
ap 23 name 12
ap 24 name 12
ap 25 name 12
ap 26 name 12
ap 27 name 12
ap 28 name 12
ap 29 name 12
ap 30 name 12
ap 31 name 12
ap 32 name 12
ap 33 name 12
ap 34 name 12
ap 35 name 12
ap 36 name 12
ap 37 name 12
ap 38 name 12
ap 39 name 12
ap 40 name 12
ap 41 name 12
ap 42 name 12
ap 43 name 12
ap 44 name 12
ap 45 name 12
ap 46 name 12
ap 47 name 12
ap 48 name 12
ap 49 name 12
ap 50 name 12
ap 51 name 12
ap 52 name 12
ap 53 name 12
ap 54 name 12
ap 55 name 12
ap 56 name 12
ap 57 name 12
ap 58 name 12
ap 59 name 12
ap 60 name 12
ap 61 name 12
ap 62 name 12
ap 63 name 12
ap 64 name 12
ap 65 name 12
ap 66 name 12
ap 67 name 12
ap 68 name 12
ap 69 name 12
ap 70 name 12
ap 71 name 12
ap 72 name 12
ap 73 name 12
ap 74 name 12
ap 75 name 12
ap 76 name 12
ap 77 name 12
ap 78 name 12
ap 79 name 12
ap 80 name 12
ap 81 name 12
ap 82 name 12
ap 83 name 12
ap 84 name 12
ap 85 name 12
ap 86 name 12
ap 87 name 12
ap 88 name 12
ap 89 name 12
ap 90 name 12
ap 91 name 12
ap 92 name 12
ap 93 name 12
ap 94 name 12
ap 95 name 12
ap 96 name 12
ap 97 name 12
ap 98 name 12
ap 99 name 12
ap 100 name 12
ar 1 1 1
ar 1 2 1
ar 1 3 1
ar 1 4 1
ar 1 5 1
ar 1 6 1
ar 1 7 1
ar 1 8 1
ar 1 9 1
ar 1 10 1
ar 1 11 1
ar 1 12 1
ar 1 13 1
ar 1 14 1
ar 1 15 1
ar 1 16 1
ar 1 17 1
ar 1 18 1
ar 1 19 1
ar 1 20 1
ar 1 21 1
ar 1 22 1
ar 1 23 1
ar 1 24 1
ar 1 25 1
ar 1 26 1
ar 1 27 1
ar 1 28 1
ar 1 29 1
ar 1 30 1
ar 1 31 1
ar 1 32 1
ar 1 33 1
ar 1 34 1
ar 1 35 1
ar 1 36 1
ar 1 37 1
ar 1 38 1
ar 1 39 1
ar 1 40 1
ar 1 41 1
ar 1 42 1
ar 1 43 1
ar 1 44 1
ar 1 45 1
ar 1 46 1
ar 1 47 1
ar 1 48 1
ar 1 49 1
ar 1 50 1
ar 2 2 1
ar 2 3 1
ar 2 4 1
ar 2 5 1
ar 2 6 1
ar 2 7 1
ar 2 8 1
ar 2 9 1
ar 2 10 1
ar 2 11 1
ar 2 12 1
ar 2 13 1
ar 2 14 1
ar 2 15 1
ar 2 16 1
ar 2 17 1
ar 2 18 1
ar 2 19 1
ar 2 20 1
ar 2 21 1
ar 2 22 1
ar 2 23 1
ar 2 24 1
ar 2 25 1
ar 2 26 1
ar 2 27 1
ar 2 28 1
ar 2 29 1
ar 2 30 1
ar 2 31 1
ar 2 32 1
ar 2 33 1
ar 2 34 1
ar 2 35 1
ar 2 36 1
ar 2 37 1
ar 2 38 1
ar 2 39 1
ar 2 40 1
ar 2 41 1
ar 2 42 1
ar 2 43 1
ar 2 44 1
ar 2 45 1
ar 2 46 1
ar 2 47 1
ar 2 48 1
ar 2 49 1
ar 2 50 1
ar 2 51 1
ar 3 3 1
ar 3 4 1
ar 3 5 1
ar 3 6 1
ar 3 7 1
ar 3 8 1
ar 3 9 1
ar 3 10 1
ar 3 11 1
ar 3 12 1
ar 3 13 1
ar 3 14 1
ar 3 15 1
ar 3 16 1
ar 3 17 1
ar 3 18 1
ar 3 19 1
ar 3 20 1
ar 3 21 1
ar 3 22 1
ar 3 23 1
ar 3 24 1
ar 3 25 1
ar 3 26 1
ar 3 27 1
ar 3 28 1
ar 3 29 1
ar 3 30 1
ar 3 31 1
ar 3 32 1
ar 3 33 1
ar 3 34 1
ar 3 35 1
ar 3 36 1
ar 3 37 1
ar 3 38 1
ar 3 39 1
ar 3 40 1
ar 3 41 1
ar 3 42 1
ar 3 43 1
ar 3 44 1
ar 3 45 1
ar 3 46 1
ar 3 47 1
ar 3 48 1
ar 3 49 1
ar 3 50 1
ar 3 51 1
ar 3 52 1
ar 4 4 1
ar 4 5 1
ar 4 6 1
ar 4 7 1
ar 4 8 1
ar 4 9 1
ar 4 10 1
ar 4 11 1
ar 4 12 1
ar 4 13 1
ar 4 14 1
ar 4 15 1
ar 4 16 1
ar 4 17 1
ar 4 18 1
ar 4 19 1
ar 4 20 1
ar 4 21 1
ar 4 22 1
ar 4 23 1
ar 4 24 1
ar 4 25 1
ar 4 26 1
ar 4 27 1
ar 4 28 1
ar 4 29 1
ar 4 30 1
ar 4 31 1
ar 4 32 1
ar 4 33 1
ar 4 34 1
ar 4 35 1
ar 4 36 1
ar 4 37 1
ar 4 38 1
ar 4 39 1
ar 4 40 1
ar 4 41 1
ar 4 42 1
ar 4 43 1
ar 4 44 1
ar 4 45 1
ar 4 46 1
ar 4 47 1
ar 4 48 1
ar 4 49 1
ar 4 50 1
ar 4 51 1
ar 4 52 1
ar 4 53 1
ar 5 5 1
ar 5 6 1
ar 5 7 1
ar 5 8 1
ar 5 9 1
ar 5 10 1
ar 5 11 1
ar 5 12 1
ar 5 13 1
ar 5 14 1
ar 5 15 1
ar 5 16 1
ar 5 17 1
ar 5 18 1
ar 5 19 1
ar 5 20 1
ar 5 21 1
ar 5 22 1
ar 5 23 1
ar 5 24 1
ar 5 25 1
ar 5 26 1
ar 5 27 1
ar 5 28 1
ar 5 29 1
ar 5 30 1
ar 5 31 1
ar 5 32 1
ar 5 33 1
ar 5 34 1
ar 5 35 1
ar 5 36 1
ar 5 37 1
ar 5 38 1
ar 5 39 1
ar 5 40 1
ar 5 41 1
ar 5 42 1
ar 5 43 1
ar 5 44 1
ar 5 45 1
ar 5 46 1
ar 5 47 1
ar 5 48 1
ar 5 49 1
ar 5 50 1
ar 5 51 1
ar 5 52 1
ar 5 53 1
ar 5 54 1
ar 6 6 1
ar 6 7 1
ar 6 8 1
ar 6 9 1
ar 6 10 1
ar 6 11 1
ar 6 12 1
ar 6 13 1
ar 6 14 1
ar 6 15 1
ar 6 16 1
ar 6 17 1
ar 6 18 1
ar 6 19 1
ar 6 20 1
ar 6 21 1
ar 6 22 1
ar 6 23 1
ar 6 24 1
ar 6 25 1
ar 6 26 1
ar 6 27 1
ar 6 28 1
ar 6 29 1
ar 6 30 1
ar 6 31 1
ar 6 32 1
ar 6 33 1
ar 6 34 1
ar 6 35 1
ar 6 36 1
ar 6 37 1
ar 6 38 1
ar 6 39 1
ar 6 40 1
ar 6 41 1
ar 6 42 1
ar 6 43 1
ar 6 44 1
ar 6 45 1
ar 6 46 1
ar 6 47 1
ar 6 48 1
ar 6 49 1
ar 6 50 1
ar 6 51 1
ar 6 52 1
ar 6 53 1
ar 6 54 1
ar 6 55 1
ar 7 7 1
ar 7 8 1
ar 7 9 1
ar 7 10 1
ar 7 11 1
ar 7 12 1
ar 7 13 1
ar 7 14 1
ar 7 15 1
ar 7 16 1
ar 7 17 1
ar 7 18 1
ar 7 19 1
ar 7 20 1
ar 7 21 1
ar 7 22 1
ar 7 23 1
ar 7 24 1
ar 7 25 1
ar 7 26 1
ar 7 27 1
ar 7 28 1
ar 7 29 1
ar 7 30 1
ar 7 31 1
ar 7 32 1
ar 7 33 1
ar 7 34 1
ar 7 35 1
ar 7 36 1
ar 7 37 1
ar 7 38 1
ar 7 39 1
ar 7 40 1
ar 7 41 1
ar 7 42 1
ar 7 43 1
ar 7 44 1
ar 7 45 1
ar 7 46 1
ar 7 47 1
ar 7 48 1
ar 7 49 1
ar 7 50 1
ar 7 51 1
ar 7 52 1
ar 7 53 1
ar 7 54 1
ar 7 55 1
ar 7 56 1
ar 8 8 1
ar 8 9 1
ar 8 10 1
ar 8 11 1
ar 8 12 1
ar 8 13 1
ar 8 14 1
ar 8 15 1
ar 8 16 1
ar 8 17 1
ar 8 18 1
ar 8 19 1
ar 8 20 1
ar 8 21 1
ar 8 22 1
ar 8 23 1
ar 8 24 1
ar 8 25 1
ar 8 26 1
ar 8 27 1
ar 8 28 1
ar 8 29 1
ar 8 30 1
ar 8 31 1
ar 8 32 1
ar 8 33 1
ar 8 34 1
ar 8 35 1
ar 8 36 1
ar 8 37 1
ar 8 38 1
ar 8 39 1
ar 8 40 1
ar 8 41 1
ar 8 42 1
ar 8 43 1
ar 8 44 1
ar 8 45 1
ar 8 46 1
ar 8 47 1
ar 8 48 1
ar 8 49 1
ar 8 50 1
ar 8 51 1
ar 8 52 1
ar 8 53 1
ar 8 54 1
ar 8 55 1
ar 8 56 1
ar 8 57 1
ar 9 9 1
ar 9 10 1
ar 9 11 1
ar 9 12 1
ar 9 13 1
ar 9 14 1
ar 9 15 1
ar 9 16 1
ar 9 17 1
ar 9 18 1
ar 9 19 1
ar 9 20 1
ar 9 21 1
ar 9 22 1
ar 9 23 1
ar 9 24 1
ar 9 25 1
ar 9 26 1
ar 9 27 1
ar 9 28 1
ar 9 29 1
ar 9 30 1
ar 9 31 1
ar 9 32 1
ar 9 33 1
ar 9 34 1
ar 9 35 1
ar 9 36 1
ar 9 37 1
ar 9 38 1
ar 9 39 1
ar 9 40 1
ar 9 41 1
ar 9 42 1
ar 9 43 1
ar 9 44 1
ar 9 45 1
ar 9 46 1
ar 9 47 1
ar 9 48 1
ar 9 49 1
ar 9 50 1
ar 9 51 1
ar 9 52 1
ar 9 53 1
ar 9 54 1
ar 9 55 1
ar 9 56 1
ar 9 57 1
ar 9 58 1
ar 10 10 1
ar 10 11 1
ar 10 12 1
ar 10 13 1
ar 10 14 1
ar 10 15 1
ar 10 16 1
ar 10 17 1
ar 10 18 1
ar 10 19 1
ar 10 20 1
ar 10 21 1
ar 10 22 1
ar 10 23 1
ar 10 24 1
ar 10 25 1
ar 10 26 1
ar 10 27 1
ar 10 28 1
ar 10 29 1
ar 10 30 1
ar 10 31 1
ar 10 32 1
ar 10 33 1
ar 10 34 1
ar 10 35 1
ar 10 36 1
ar 10 37 1
ar 10 38 1
ar 10 39 1
ar 10 40 1
ar 10 41 1
ar 10 42 1
ar 10 43 1
ar 10 44 1
ar 10 45 1
ar 10 46 1
ar 10 47 1
ar 10 48 1
ar 10 49 1
ar 10 50 1
ar 10 51 1
ar 10 52 1
ar 10 53 1
ar 10 54 1
ar 10 55 1
ar 10 56 1
ar 10 57 1
ar 10 58 1
ar 10 59 1
ar 11 11 1
ar 11 12 1
ar 11 13 1
ar 11 14 1
ar 11 15 1
ar 11 16 1
ar 11 17 1
ar 11 18 1
ar 11 19 1
ar 11 20 1
ar 11 21 1
ar 11 22 1
ar 11 23 1
ar 11 24 1
ar 11 25 1
ar 11 26 1
ar 11 27 1
ar 11 28 1
ar 11 29 1
ar 11 30 1
ar 11 31 1
ar 11 32 1
ar 11 33 1
ar 11 34 1
ar 11 35 1
ar 11 36 1
ar 11 37 1
ar 11 38 1
ar 11 39 1
ar 11 40 1
ar 11 41 1
ar 11 42 1
ar 11 43 1
ar 11 44 1
ar 11 45 1
ar 11 46 1
ar 11 47 1
ar 11 48 1
ar 11 49 1
ar 11 50 1
ar 11 51 1
ar 11 52 1
ar 11 53 1
ar 11 54 1
ar 11 55 1
ar 11 56 1
ar 11 57 1
ar 11 58 1
ar 11 59 1
ar 11 60 1
ar 12 12 1
ar 12 13 1
ar 12 14 1
ar 12 15 1
ar 12 16 1
ar 12 17 1
ar 12 18 1
ar 12 19 1
ar 12 20 1
ar 12 21 1
ar 12 22 1
ar 12 23 1
ar 12 24 1
ar 12 25 1
ar 12 26 1
ar 12 27 1
ar 12 28 1
ar 12 29 1
ar 12 30 1
ar 12 31 1
ar 12 32 1
ar 12 33 1
ar 12 34 1
ar 12 35 1
ar 12 36 1
ar 12 37 1
ar 12 38 1
ar 12 39 1
ar 12 40 1
ar 12 41 1
ar 12 42 1
ar 12 43 1
ar 12 44 1
ar 12 45 1
ar 12 46 1
ar 12 47 1
ar 12 48 1
ar 12 49 1
ar 12 50 1
ar 12 51 1
ar 12 52 1
ar 12 53 1
ar 12 54 1
ar 12 55 1
ar 12 56 1
ar 12 57 1
ar 12 58 1
ar 12 59 1
ar 12 60 1
ar 12 61 1
ar 13 13 1
ar 13 14 1
ar 13 15 1
ar 13 16 1
ar 13 17 1
ar 13 18 1
ar 13 19 1
ar 13 20 1
ar 13 21 1
ar 13 22 1
ar 13 23 1
ar 13 24 1
ar 13 25 1
ar 13 26 1
ar 13 27 1
ar 13 28 1
ar 13 29 1
ar 13 30 1
ar 13 31 1
ar 13 32 1
ar 13 33 1
ar 13 34 1
ar 13 35 1
ar 13 36 1
ar 13 37 1
ar 13 38 1
ar 13 39 1
ar 13 40 1
ar 13 41 1
ar 13 42 1
ar 13 43 1
ar 13 44 1
ar 13 45 1
ar 13 46 1
ar 13 47 1
ar 13 48 1
ar 13 49 1
ar 13 50 1
ar 13 51 1
ar 13 52 1
ar 13 53 1
ar 13 54 1
ar 13 55 1
ar 13 56 1
ar 13 57 1
ar 13 58 1
ar 13 59 1
ar 13 60 1
ar 13 61 1
ar 13 62 1
ar 14 14 1
ar 14 15 1
ar 14 16 1
ar 14 17 1
ar 14 18 1
ar 14 19 1
ar 14 20 1
ar 14 21 1
ar 14 22 1
ar 14 23 1
ar 14 24 1
ar 14 25 1
ar 14 26 1
ar 14 27 1
ar 14 28 1
ar 14 29 1
ar 14 30 1
ar 14 31 1
ar 14 32 1
ar 14 33 1
ar 14 34 1
ar 14 35 1
ar 14 36 1
ar 14 37 1
ar 14 38 1
ar 14 39 1
ar 14 40 1
ar 14 41 1
ar 14 42 1
ar 14 43 1
ar 14 44 1
ar 14 45 1
ar 14 46 1
ar 14 47 1
ar 14 48 1
ar 14 49 1
ar 14 50 1
ar 14 51 1
ar 14 52 1
ar 14 53 1
ar 14 54 1
ar 14 55 1
ar 14 56 1
ar 14 57 1
ar 14 58 1
ar 14 59 1
ar 14 60 1
ar 14 61 1
ar 14 62 1
ar 14 63 1
ar 15 15 1
ar 15 16 1
ar 15 17 1
ar 15 18 1
ar 15 19 1
ar 15 20 1
ar 15 21 1
ar 15 22 1
ar 15 23 1
ar 15 24 1
ar 15 25 1
ar 15 26 1
ar 15 27 1
ar 15 28 1
ar 15 29 1
ar 15 30 1
ar 15 31 1
ar 15 32 1
ar 15 33 1
ar 15 34 1
ar 15 35 1
ar 15 36 1
ar 15 37 1
ar 15 38 1
ar 15 39 1
ar 15 40 1
ar 15 41 1
ar 15 42 1
ar 15 43 1
ar 15 44 1
ar 15 45 1
ar 15 46 1
ar 15 47 1
ar 15 48 1
ar 15 49 1
ar 15 50 1
ar 15 51 1
ar 15 52 1
ar 15 53 1
ar 15 54 1
ar 15 55 1
ar 15 56 1
ar 15 57 1
ar 15 58 1
ar 15 59 1
ar 15 60 1
ar 15 61 1
ar 15 62 1
ar 15 63 1
ar 15 64 1
ar 16 16 1
ar 16 17 1
ar 16 18 1
ar 16 19 1
ar 16 20 1
ar 16 21 1
ar 16 22 1
ar 16 23 1
ar 16 24 1
ar 16 25 1
ar 16 26 1
ar 16 27 1
ar 16 28 1
ar 16 29 1
ar 16 30 1
ar 16 31 1
ar 16 32 1
ar 16 33 1
ar 16 34 1
ar 16 35 1
ar 16 36 1
ar 16 37 1
ar 16 38 1
ar 16 39 1
ar 16 40 1
ar 16 41 1
ar 16 42 1
ar 16 43 1
ar 16 44 1
ar 16 45 1
ar 16 46 1
ar 16 47 1
ar 16 48 1
ar 16 49 1
ar 16 50 1
ar 16 51 1
ar 16 52 1
ar 16 53 1
ar 16 54 1
ar 16 55 1
ar 16 56 1
ar 16 57 1
ar 16 58 1
ar 16 59 1
ar 16 60 1
ar 16 61 1
ar 16 62 1
ar 16 63 1
ar 16 64 1
ar 16 65 1
ar 17 17 1
ar 17 18 1
ar 17 19 1
ar 17 20 1
ar 17 21 1
ar 17 22 1
ar 17 23 1
ar 17 24 1
ar 17 25 1
ar 17 26 1
ar 17 27 1
ar 17 28 1
ar 17 29 1
ar 17 30 1
ar 17 31 1
ar 17 32 1
ar 17 33 1
ar 17 34 1
ar 17 35 1
ar 17 36 1
ar 17 37 1
ar 17 38 1
ar 17 39 1
ar 17 40 1
ar 17 41 1
ar 17 42 1
ar 17 43 1
ar 17 44 1
ar 17 45 1
ar 17 46 1
ar 17 47 1
ar 17 48 1
ar 17 49 1
ar 17 50 1
ar 17 51 1
ar 17 52 1
ar 17 53 1
ar 17 54 1
ar 17 55 1
ar 17 56 1
ar 17 57 1
ar 17 58 1
ar 17 59 1
ar 17 60 1
ar 17 61 1
ar 17 62 1
ar 17 63 1
ar 17 64 1
ar 17 65 1
ar 17 66 1
ar 18 18 1
ar 18 19 1
ar 18 20 1
ar 18 21 1
ar 18 22 1
ar 18 23 1
ar 18 24 1
ar 18 25 1
ar 18 26 1
ar 18 27 1
ar 18 28 1
ar 18 29 1
ar 18 30 1
ar 18 31 1
ar 18 32 1
ar 18 33 1
ar 18 34 1
ar 18 35 1
ar 18 36 1
ar 18 37 1
ar 18 38 1
ar 18 39 1
ar 18 40 1
ar 18 41 1
ar 18 42 1
ar 18 43 1
ar 18 44 1
ar 18 45 1
ar 18 46 1
ar 18 47 1
ar 18 48 1
ar 18 49 1
ar 18 50 1
ar 18 51 1
ar 18 52 1
ar 18 53 1
ar 18 54 1
ar 18 55 1
ar 18 56 1
ar 18 57 1
ar 18 58 1
ar 18 59 1
ar 18 60 1
ar 18 61 1
ar 18 62 1
ar 18 63 1
ar 18 64 1
ar 18 65 1
ar 18 66 1
ar 18 67 1
ar 19 19 1
ar 19 20 1
ar 19 21 1
ar 19 22 1
ar 19 23 1
ar 19 24 1
ar 19 25 1
ar 19 26 1
ar 19 27 1
ar 19 28 1
ar 19 29 1
ar 19 30 1
ar 19 31 1
ar 19 32 1
ar 19 33 1
ar 19 34 1
ar 19 35 1
ar 19 36 1
ar 19 37 1
ar 19 38 1
ar 19 39 1
ar 19 40 1
ar 19 41 1
ar 19 42 1
ar 19 43 1
ar 19 44 1
ar 19 45 1
ar 19 46 1
ar 19 47 1
ar 19 48 1
ar 19 49 1
ar 19 50 1
ar 19 51 1
ar 19 52 1
ar 19 53 1
ar 19 54 1
ar 19 55 1
ar 19 56 1
ar 19 57 1
ar 19 58 1
ar 19 59 1
ar 19 60 1
ar 19 61 1
ar 19 62 1
ar 19 63 1
ar 19 64 1
ar 19 65 1
ar 19 66 1
ar 19 67 1
ar 19 68 1
ar 20 20 1
ar 20 21 1
ar 20 22 1
ar 20 23 1
ar 20 24 1
ar 20 25 1
ar 20 26 1
ar 20 27 1
ar 20 28 1
ar 20 29 1
ar 20 30 1
ar 20 31 1
ar 20 32 1
ar 20 33 1
ar 20 34 1
ar 20 35 1
ar 20 36 1
ar 20 37 1
ar 20 38 1
ar 20 39 1
ar 20 40 1
ar 20 41 1
ar 20 42 1
ar 20 43 1
ar 20 44 1
ar 20 45 1
ar 20 46 1
ar 20 47 1
ar 20 48 1
ar 20 49 1
ar 20 50 1
ar 20 51 1
ar 20 52 1
ar 20 53 1
ar 20 54 1
ar 20 55 1
ar 20 56 1
ar 20 57 1
ar 20 58 1
ar 20 59 1
ar 20 60 1
ar 20 61 1
ar 20 62 1
ar 20 63 1
ar 20 64 1
ar 20 65 1
ar 20 66 1
ar 20 67 1
ar 20 68 1
ar 20 69 1
ar 21 21 1
ar 21 22 1
ar 21 23 1
ar 21 24 1
ar 21 25 1
ar 21 26 1
ar 21 27 1
ar 21 28 1
ar 21 29 1
ar 21 30 1
ar 21 31 1
ar 21 32 1
ar 21 33 1
ar 21 34 1
ar 21 35 1
ar 21 36 1
ar 21 37 1
ar 21 38 1
ar 21 39 1
ar 21 40 1
ar 21 41 1
ar 21 42 1
ar 21 43 1
ar 21 44 1
ar 21 45 1
ar 21 46 1
ar 21 47 1
ar 21 48 1
ar 21 49 1
ar 21 50 1
ar 21 51 1
ar 21 52 1
ar 21 53 1
ar 21 54 1
ar 21 55 1
ar 21 56 1
ar 21 57 1
ar 21 58 1
ar 21 59 1
ar 21 60 1
ar 21 61 1
ar 21 62 1
ar 21 63 1
ar 21 64 1
ar 21 65 1
ar 21 66 1
ar 21 67 1
ar 21 68 1
ar 21 69 1
ar 21 70 1
ar 22 22 1
ar 22 23 1
ar 22 24 1
ar 22 25 1
ar 22 26 1
ar 22 27 1
ar 22 28 1
ar 22 29 1
ar 22 30 1
ar 22 31 1
ar 22 32 1
ar 22 33 1
ar 22 34 1
ar 22 35 1
ar 22 36 1
ar 22 37 1
ar 22 38 1
ar 22 39 1
ar 22 40 1
ar 22 41 1
ar 22 42 1
ar 22 43 1
ar 22 44 1
ar 22 45 1
ar 22 46 1
ar 22 47 1
ar 22 48 1
ar 22 49 1
ar 22 50 1
ar 22 51 1
ar 22 52 1
ar 22 53 1
ar 22 54 1
ar 22 55 1
ar 22 56 1
ar 22 57 1
ar 22 58 1
ar 22 59 1
ar 22 60 1
ar 22 61 1
ar 22 62 1
ar 22 63 1
ar 22 64 1
ar 22 65 1
ar 22 66 1
ar 22 67 1
ar 22 68 1
ar 22 69 1
ar 22 70 1
ar 22 71 1
ar 23 23 1
ar 23 24 1
ar 23 25 1
ar 23 26 1
ar 23 27 1
ar 23 28 1
ar 23 29 1
ar 23 30 1
ar 23 31 1
ar 23 32 1
ar 23 33 1
ar 23 34 1
ar 23 35 1
ar 23 36 1
ar 23 37 1
ar 23 38 1
ar 23 39 1
ar 23 40 1
ar 23 41 1
ar 23 42 1
ar 23 43 1
ar 23 44 1
ar 23 45 1
ar 23 46 1
ar 23 47 1
ar 23 48 1
ar 23 49 1
ar 23 50 1
ar 23 51 1
ar 23 52 1
ar 23 53 1
ar 23 54 1
ar 23 55 1
ar 23 56 1
ar 23 57 1
ar 23 58 1
ar 23 59 1
ar 23 60 1
ar 23 61 1
ar 23 62 1
ar 23 63 1
ar 23 64 1
ar 23 65 1
ar 23 66 1
ar 23 67 1
ar 23 68 1
ar 23 69 1
ar 23 70 1
ar 23 71 1
ar 23 72 1
ar 24 24 1
ar 24 25 1
ar 24 26 1
ar 24 27 1
ar 24 28 1
ar 24 29 1
ar 24 30 1
ar 24 31 1
ar 24 32 1
ar 24 33 1
ar 24 34 1
ar 24 35 1
ar 24 36 1
ar 24 37 1
ar 24 38 1
ar 24 39 1
ar 24 40 1
ar 24 41 1
ar 24 42 1
ar 24 43 1
ar 24 44 1
ar 24 45 1
ar 24 46 1
ar 24 47 1
ar 24 48 1
ar 24 49 1
ar 24 50 1
ar 24 51 1
ar 24 52 1
ar 24 53 1
ar 24 54 1
ar 24 55 1
ar 24 56 1
ar 24 57 1
ar 24 58 1
ar 24 59 1
ar 24 60 1
ar 24 61 1
ar 24 62 1
ar 24 63 1
ar 24 64 1
ar 24 65 1
ar 24 66 1
ar 24 67 1
ar 24 68 1
ar 24 69 1
ar 24 70 1
ar 24 71 1
ar 24 72 1
ar 24 73 1
ar 25 25 1
ar 25 26 1
ar 25 27 1
ar 25 28 1
ar 25 29 1
ar 25 30 1
ar 25 31 1
ar 25 32 1
ar 25 33 1
ar 25 34 1
ar 25 35 1
ar 25 36 1
ar 25 37 1
ar 25 38 1
ar 25 39 1
ar 25 40 1
ar 25 41 1
ar 25 42 1
ar 25 43 1
ar 25 44 1
ar 25 45 1
ar 25 46 1
ar 25 47 1
ar 25 48 1
ar 25 49 1
ar 25 50 1
ar 25 51 1
ar 25 52 1
ar 25 53 1
ar 25 54 1
ar 25 55 1
ar 25 56 1
ar 25 57 1
ar 25 58 1
ar 25 59 1
ar 25 60 1
ar 25 61 1
ar 25 62 1
ar 25 63 1
ar 25 64 1
ar 25 65 1
ar 25 66 1
ar 25 67 1
ar 25 68 1
ar 25 69 1
ar 25 70 1
ar 25 71 1
ar 25 72 1
ar 25 73 1
ar 25 74 1
ar 26 26 1
ar 26 27 1
ar 26 28 1
ar 26 29 1
ar 26 30 1
ar 26 31 1
ar 26 32 1
ar 26 33 1
ar 26 34 1
ar 26 35 1
ar 26 36 1
ar 26 37 1
ar 26 38 1
ar 26 39 1
ar 26 40 1
ar 26 41 1
ar 26 42 1
ar 26 43 1
ar 26 44 1
ar 26 45 1
ar 26 46 1
ar 26 47 1
ar 26 48 1
ar 26 49 1
ar 26 50 1
ar 26 51 1
ar 26 52 1
ar 26 53 1
ar 26 54 1
ar 26 55 1
ar 26 56 1
ar 26 57 1
ar 26 58 1
ar 26 59 1
ar 26 60 1
ar 26 61 1
ar 26 62 1
ar 26 63 1
ar 26 64 1
ar 26 65 1
ar 26 66 1
ar 26 67 1
ar 26 68 1
ar 26 69 1
ar 26 70 1
ar 26 71 1
ar 26 72 1
ar 26 73 1
ar 26 74 1
ar 26 75 1
ar 27 27 1
ar 27 28 1
ar 27 29 1
ar 27 30 1
ar 27 31 1
ar 27 32 1
ar 27 33 1
ar 27 34 1
ar 27 35 1
ar 27 36 1
ar 27 37 1
ar 27 38 1
ar 27 39 1
ar 27 40 1
ar 27 41 1
ar 27 42 1
ar 27 43 1
ar 27 44 1
ar 27 45 1
ar 27 46 1
ar 27 47 1
ar 27 48 1
ar 27 49 1
ar 27 50 1
ar 27 51 1
ar 27 52 1
ar 27 53 1
ar 27 54 1
ar 27 55 1
ar 27 56 1
ar 27 57 1
ar 27 58 1
ar 27 59 1
ar 27 60 1
ar 27 61 1
ar 27 62 1
ar 27 63 1
ar 27 64 1
ar 27 65 1
ar 27 66 1
ar 27 67 1
ar 27 68 1
ar 27 69 1
ar 27 70 1
ar 27 71 1
ar 27 72 1
ar 27 73 1
ar 27 74 1
ar 27 75 1
ar 27 76 1
ar 28 28 1
ar 28 29 1
ar 28 30 1
ar 28 31 1
ar 28 32 1
ar 28 33 1
ar 28 34 1
ar 28 35 1
ar 28 36 1
ar 28 37 1
ar 28 38 1
ar 28 39 1
ar 28 40 1
ar 28 41 1
ar 28 42 1
ar 28 43 1
ar 28 44 1
ar 28 45 1
ar 28 46 1
ar 28 47 1
ar 28 48 1
ar 28 49 1
ar 28 50 1
ar 28 51 1
ar 28 52 1
ar 28 53 1
ar 28 54 1
ar 28 55 1
ar 28 56 1
ar 28 57 1
ar 28 58 1
ar 28 59 1
ar 28 60 1
ar 28 61 1
ar 28 62 1
ar 28 63 1
ar 28 64 1
ar 28 65 1
ar 28 66 1
ar 28 67 1
ar 28 68 1
ar 28 69 1
ar 28 70 1
ar 28 71 1
ar 28 72 1
ar 28 73 1
ar 28 74 1
ar 28 75 1
ar 28 76 1
ar 28 77 1
ar 29 29 1
ar 29 30 1
ar 29 31 1
ar 29 32 1
ar 29 33 1
ar 29 34 1
ar 29 35 1
ar 29 36 1
ar 29 37 1
ar 29 38 1
ar 29 39 1
ar 29 40 1
ar 29 41 1
ar 29 42 1
ar 29 43 1
ar 29 44 1
ar 29 45 1
ar 29 46 1
ar 29 47 1
ar 29 48 1
ar 29 49 1
ar 29 50 1
ar 29 51 1
ar 29 52 1
ar 29 53 1
ar 29 54 1
ar 29 55 1
ar 29 56 1
ar 29 57 1
ar 29 58 1
ar 29 59 1
ar 29 60 1
ar 29 61 1
ar 29 62 1
ar 29 63 1
ar 29 64 1
ar 29 65 1
ar 29 66 1
ar 29 67 1
ar 29 68 1
ar 29 69 1
ar 29 70 1
ar 29 71 1
ar 29 72 1
ar 29 73 1
ar 29 74 1
ar 29 75 1
ar 29 76 1
ar 29 77 1
ar 29 78 1
ar 30 30 1
ar 30 31 1
ar 30 32 1
ar 30 33 1
ar 30 34 1
ar 30 35 1
ar 30 36 1
ar 30 37 1
ar 30 38 1
ar 30 39 1
ar 30 40 1
ar 30 41 1
ar 30 42 1
ar 30 43 1
ar 30 44 1
ar 30 45 1
ar 30 46 1
ar 30 47 1
ar 30 48 1
ar 30 49 1
ar 30 50 1
ar 30 51 1
ar 30 52 1
ar 30 53 1
ar 30 54 1
ar 30 55 1
ar 30 56 1
ar 30 57 1
ar 30 58 1
ar 30 59 1
ar 30 60 1
ar 30 61 1
ar 30 62 1
ar 30 63 1
ar 30 64 1
ar 30 65 1
ar 30 66 1
ar 30 67 1
ar 30 68 1
ar 30 69 1
ar 30 70 1
ar 30 71 1
ar 30 72 1
ar 30 73 1
ar 30 74 1
ar 30 75 1
ar 30 76 1
ar 30 77 1
ar 30 78 1
ar 30 79 1
ar 31 31 1
ar 31 32 1
ar 31 33 1
ar 31 34 1
ar 31 35 1
ar 31 36 1
ar 31 37 1
ar 31 38 1
ar 31 39 1
ar 31 40 1
ar 31 41 1
ar 31 42 1
ar 31 43 1
ar 31 44 1
ar 31 45 1
ar 31 46 1
ar 31 47 1
ar 31 48 1
ar 31 49 1
ar 31 50 1
ar 31 51 1
ar 31 52 1
ar 31 53 1
ar 31 54 1
ar 31 55 1
ar 31 56 1
ar 31 57 1
ar 31 58 1
ar 31 59 1
ar 31 60 1
ar 31 61 1
ar 31 62 1
ar 31 63 1
ar 31 64 1
ar 31 65 1
ar 31 66 1
ar 31 67 1
ar 31 68 1
ar 31 69 1
ar 31 70 1
ar 31 71 1
ar 31 72 1
ar 31 73 1
ar 31 74 1
ar 31 75 1
ar 31 76 1
ar 31 77 1
ar 31 78 1
ar 31 79 1
ar 31 80 1
ar 32 32 1
ar 32 33 1
ar 32 34 1
ar 32 35 1
ar 32 36 1
ar 32 37 1
ar 32 38 1
ar 32 39 1
ar 32 40 1
ar 32 41 1
ar 32 42 1
ar 32 43 1
ar 32 44 1
ar 32 45 1
ar 32 46 1
ar 32 47 1
ar 32 48 1
ar 32 49 1
ar 32 50 1
ar 32 51 1
ar 32 52 1
ar 32 53 1
ar 32 54 1
ar 32 55 1
ar 32 56 1
ar 32 57 1
ar 32 58 1
ar 32 59 1
ar 32 60 1
ar 32 61 1
ar 32 62 1
ar 32 63 1
ar 32 64 1
ar 32 65 1
ar 32 66 1
ar 32 67 1
ar 32 68 1
ar 32 69 1
ar 32 70 1
ar 32 71 1
ar 32 72 1
ar 32 73 1
ar 32 74 1
ar 32 75 1
ar 32 76 1
ar 32 77 1
ar 32 78 1
ar 32 79 1
ar 32 80 1
ar 32 81 1
ar 33 33 1
ar 33 34 1
ar 33 35 1
ar 33 36 1
ar 33 37 1
ar 33 38 1
ar 33 39 1
ar 33 40 1
ar 33 41 1
ar 33 42 1
ar 33 43 1
ar 33 44 1
ar 33 45 1
ar 33 46 1
ar 33 47 1
ar 33 48 1
ar 33 49 1
ar 33 50 1
ar 33 51 1
ar 33 52 1
ar 33 53 1
ar 33 54 1
ar 33 55 1
ar 33 56 1
ar 33 57 1
ar 33 58 1
ar 33 59 1
ar 33 60 1
ar 33 61 1
ar 33 62 1
ar 33 63 1
ar 33 64 1
ar 33 65 1
ar 33 66 1
ar 33 67 1
ar 33 68 1
ar 33 69 1
ar 33 70 1
ar 33 71 1
ar 33 72 1
ar 33 73 1
ar 33 74 1
ar 33 75 1
ar 33 76 1
ar 33 77 1
ar 33 78 1
ar 33 79 1
ar 33 80 1
ar 33 81 1
ar 33 82 1
ar 34 34 1
ar 34 35 1
ar 34 36 1
ar 34 37 1
ar 34 38 1
ar 34 39 1
ar 34 40 1
ar 34 41 1
ar 34 42 1
ar 34 43 1
ar 34 44 1
ar 34 45 1
ar 34 46 1
ar 34 47 1
ar 34 48 1
ar 34 49 1
ar 34 50 1
ar 34 51 1
ar 34 52 1
ar 34 53 1
ar 34 54 1
ar 34 55 1
ar 34 56 1
ar 34 57 1
ar 34 58 1
ar 34 59 1
ar 34 60 1
ar 34 61 1
ar 34 62 1
ar 34 63 1
ar 34 64 1
ar 34 65 1
ar 34 66 1
ar 34 67 1
ar 34 68 1
ar 34 69 1
ar 34 70 1
ar 34 71 1
ar 34 72 1
ar 34 73 1
ar 34 74 1
ar 34 75 1
ar 34 76 1
ar 34 77 1
ar 34 78 1
ar 34 79 1
ar 34 80 1
ar 34 81 1
ar 34 82 1
ar 34 83 1
ar 35 35 1
ar 35 36 1
ar 35 37 1
ar 35 38 1
ar 35 39 1
ar 35 40 1
ar 35 41 1
ar 35 42 1
ar 35 43 1
ar 35 44 1
ar 35 45 1
ar 35 46 1
ar 35 47 1
ar 35 48 1
ar 35 49 1
ar 35 50 1
ar 35 51 1
ar 35 52 1
ar 35 53 1
ar 35 54 1
ar 35 55 1
ar 35 56 1
ar 35 57 1
ar 35 58 1
ar 35 59 1
ar 35 60 1
ar 35 61 1
ar 35 62 1
ar 35 63 1
ar 35 64 1
ar 35 65 1
ar 35 66 1
ar 35 67 1
ar 35 68 1
ar 35 69 1
ar 35 70 1
ar 35 71 1
ar 35 72 1
ar 35 73 1
ar 35 74 1
ar 35 75 1
ar 35 76 1
ar 35 77 1
ar 35 78 1
ar 35 79 1
ar 35 80 1
ar 35 81 1
ar 35 82 1
ar 35 83 1
ar 35 84 1
ar 36 36 1
ar 36 37 1
ar 36 38 1
ar 36 39 1
ar 36 40 1
ar 36 41 1
ar 36 42 1
ar 36 43 1
ar 36 44 1
ar 36 45 1
ar 36 46 1
ar 36 47 1
ar 36 48 1
ar 36 49 1
ar 36 50 1
ar 36 51 1
ar 36 52 1
ar 36 53 1
ar 36 54 1
ar 36 55 1
ar 36 56 1
ar 36 57 1
ar 36 58 1
ar 36 59 1
ar 36 60 1
ar 36 61 1
ar 36 62 1
ar 36 63 1
ar 36 64 1
ar 36 65 1
ar 36 66 1
ar 36 67 1
ar 36 68 1
ar 36 69 1
ar 36 70 1
ar 36 71 1
ar 36 72 1
ar 36 73 1
ar 36 74 1
ar 36 75 1
ar 36 76 1
ar 36 77 1
ar 36 78 1
ar 36 79 1
ar 36 80 1
ar 36 81 1
ar 36 82 1
ar 36 83 1
ar 36 84 1
ar 36 85 1
ar 37 37 1
ar 37 38 1
ar 37 39 1
ar 37 40 1
ar 37 41 1
ar 37 42 1
ar 37 43 1
ar 37 44 1
ar 37 45 1
ar 37 46 1
ar 37 47 1
ar 37 48 1
ar 37 49 1
ar 37 50 1
ar 37 51 1
ar 37 52 1
ar 37 53 1
ar 37 54 1
ar 37 55 1
ar 37 56 1
ar 37 57 1
ar 37 58 1
ar 37 59 1
ar 37 60 1
ar 37 61 1
ar 37 62 1
ar 37 63 1
ar 37 64 1
ar 37 65 1
ar 37 66 1
ar 37 67 1
ar 37 68 1
ar 37 69 1
ar 37 70 1
ar 37 71 1
ar 37 72 1
ar 37 73 1
ar 37 74 1
ar 37 75 1
ar 37 76 1
ar 37 77 1
ar 37 78 1
ar 37 79 1
ar 37 80 1
ar 37 81 1
ar 37 82 1
ar 37 83 1
ar 37 84 1
ar 37 85 1
ar 37 86 1
ar 38 38 1
ar 38 39 1
ar 38 40 1
ar 38 41 1
ar 38 42 1
ar 38 43 1
ar 38 44 1
ar 38 45 1
ar 38 46 1
ar 38 47 1
ar 38 48 1
ar 38 49 1
ar 38 50 1
ar 38 51 1
ar 38 52 1
ar 38 53 1
ar 38 54 1
ar 38 55 1
ar 38 56 1
ar 38 57 1
ar 38 58 1
ar 38 59 1
ar 38 60 1
ar 38 61 1
ar 38 62 1
ar 38 63 1
ar 38 64 1
ar 38 65 1
ar 38 66 1
ar 38 67 1
ar 38 68 1
ar 38 69 1
ar 38 70 1
ar 38 71 1
ar 38 72 1
ar 38 73 1
ar 38 74 1
ar 38 75 1
ar 38 76 1
ar 38 77 1
ar 38 78 1
ar 38 79 1
ar 38 80 1
ar 38 81 1
ar 38 82 1
ar 38 83 1
ar 38 84 1
ar 38 85 1
ar 38 86 1
ar 38 87 1
ar 39 39 1
ar 39 40 1
ar 39 41 1
ar 39 42 1
ar 39 43 1
ar 39 44 1
ar 39 45 1
ar 39 46 1
ar 39 47 1
ar 39 48 1
ar 39 49 1
ar 39 50 1
ar 39 51 1
ar 39 52 1
ar 39 53 1
ar 39 54 1
ar 39 55 1
ar 39 56 1
ar 39 57 1
ar 39 58 1
ar 39 59 1
ar 39 60 1
ar 39 61 1
ar 39 62 1
ar 39 63 1
ar 39 64 1
ar 39 65 1
ar 39 66 1
ar 39 67 1
ar 39 68 1
ar 39 69 1
ar 39 70 1
ar 39 71 1
ar 39 72 1
ar 39 73 1
ar 39 74 1
ar 39 75 1
ar 39 76 1
ar 39 77 1
ar 39 78 1
ar 39 79 1
ar 39 80 1
ar 39 81 1
ar 39 82 1
ar 39 83 1
ar 39 84 1
ar 39 85 1
ar 39 86 1
ar 39 87 1
ar 39 88 1
ar 40 40 1
ar 40 41 1
ar 40 42 1
ar 40 43 1
ar 40 44 1
ar 40 45 1
ar 40 46 1
ar 40 47 1
ar 40 48 1
ar 40 49 1
ar 40 50 1
ar 40 51 1
ar 40 52 1
ar 40 53 1
ar 40 54 1
ar 40 55 1
ar 40 56 1
ar 40 57 1
ar 40 58 1
ar 40 59 1
ar 40 60 1
ar 40 61 1
ar 40 62 1
ar 40 63 1
ar 40 64 1
ar 40 65 1
ar 40 66 1
ar 40 67 1
ar 40 68 1
ar 40 69 1
ar 40 70 1
ar 40 71 1
ar 40 72 1
ar 40 73 1
ar 40 74 1
ar 40 75 1
ar 40 76 1
ar 40 77 1
ar 40 78 1
ar 40 79 1
ar 40 80 1
ar 40 81 1
ar 40 82 1
ar 40 83 1
ar 40 84 1
ar 40 85 1
ar 40 86 1
ar 40 87 1
ar 40 88 1
ar 40 89 1
ar 41 41 1
ar 41 42 1
ar 41 43 1
ar 41 44 1
ar 41 45 1
ar 41 46 1
ar 41 47 1
ar 41 48 1
ar 41 49 1
ar 41 50 1
ar 41 51 1
ar 41 52 1
ar 41 53 1
ar 41 54 1
ar 41 55 1
ar 41 56 1
ar 41 57 1
ar 41 58 1
ar 41 59 1
ar 41 60 1
ar 41 61 1
ar 41 62 1
ar 41 63 1
ar 41 64 1
ar 41 65 1
ar 41 66 1
ar 41 67 1
ar 41 68 1
ar 41 69 1
ar 41 70 1
ar 41 71 1
ar 41 72 1
ar 41 73 1
ar 41 74 1
ar 41 75 1
ar 41 76 1
ar 41 77 1
ar 41 78 1
ar 41 79 1
ar 41 80 1
ar 41 81 1
ar 41 82 1
ar 41 83 1
ar 41 84 1
ar 41 85 1
ar 41 86 1
ar 41 87 1
ar 41 88 1
ar 41 89 1
ar 41 90 1
ar 42 42 1
ar 42 43 1
ar 42 44 1
ar 42 45 1
ar 42 46 1
ar 42 47 1
ar 42 48 1
ar 42 49 1
ar 42 50 1
ar 42 51 1
ar 42 52 1
ar 42 53 1
ar 42 54 1
ar 42 55 1
ar 42 56 1
ar 42 57 1
ar 42 58 1
ar 42 59 1
ar 42 60 1
ar 42 61 1
ar 42 62 1
ar 42 63 1
ar 42 64 1
ar 42 65 1
ar 42 66 1
ar 42 67 1
ar 42 68 1
ar 42 69 1
ar 42 70 1
ar 42 71 1
ar 42 72 1
ar 42 73 1
ar 42 74 1
ar 42 75 1
ar 42 76 1
ar 42 77 1
ar 42 78 1
ar 42 79 1
ar 42 80 1
ar 42 81 1
ar 42 82 1
ar 42 83 1
ar 42 84 1
ar 42 85 1
ar 42 86 1
ar 42 87 1
ar 42 88 1
ar 42 89 1
ar 42 90 1
ar 42 91 1
ar 43 43 1
ar 43 44 1
ar 43 45 1
ar 43 46 1
ar 43 47 1
ar 43 48 1
ar 43 49 1
ar 43 50 1
ar 43 51 1
ar 43 52 1
ar 43 53 1
ar 43 54 1
ar 43 55 1
ar 43 56 1
ar 43 57 1
ar 43 58 1
ar 43 59 1
ar 43 60 1
ar 43 61 1
ar 43 62 1
ar 43 63 1
ar 43 64 1
ar 43 65 1
ar 43 66 1
ar 43 67 1
ar 43 68 1
ar 43 69 1
ar 43 70 1
ar 43 71 1
ar 43 72 1
ar 43 73 1
ar 43 74 1
ar 43 75 1
ar 43 76 1
ar 43 77 1
ar 43 78 1
ar 43 79 1
ar 43 80 1
ar 43 81 1
ar 43 82 1
ar 43 83 1
ar 43 84 1
ar 43 85 1
ar 43 86 1
ar 43 87 1
ar 43 88 1
ar 43 89 1
ar 43 90 1
ar 43 91 1
ar 43 92 1
ar 44 44 1
ar 44 45 1
ar 44 46 1
ar 44 47 1
ar 44 48 1
ar 44 49 1
ar 44 50 1
ar 44 51 1
ar 44 52 1
ar 44 53 1
ar 44 54 1
ar 44 55 1
ar 44 56 1
ar 44 57 1
ar 44 58 1
ar 44 59 1
ar 44 60 1
ar 44 61 1
ar 44 62 1
ar 44 63 1
ar 44 64 1
ar 44 65 1
ar 44 66 1
ar 44 67 1
ar 44 68 1
ar 44 69 1
ar 44 70 1
ar 44 71 1
ar 44 72 1
ar 44 73 1
ar 44 74 1
ar 44 75 1
ar 44 76 1
ar 44 77 1
ar 44 78 1
ar 44 79 1
ar 44 80 1
ar 44 81 1
ar 44 82 1
ar 44 83 1
ar 44 84 1
ar 44 85 1
ar 44 86 1
ar 44 87 1
ar 44 88 1
ar 44 89 1
ar 44 90 1
ar 44 91 1
ar 44 92 1
ar 44 93 1
ar 45 45 1
ar 45 46 1
ar 45 47 1
ar 45 48 1
ar 45 49 1
ar 45 50 1
ar 45 51 1
ar 45 52 1
ar 45 53 1
ar 45 54 1
ar 45 55 1
ar 45 56 1
ar 45 57 1
ar 45 58 1
ar 45 59 1
ar 45 60 1
ar 45 61 1
ar 45 62 1
ar 45 63 1
ar 45 64 1
ar 45 65 1
ar 45 66 1
ar 45 67 1
ar 45 68 1
ar 45 69 1
ar 45 70 1
ar 45 71 1
ar 45 72 1
ar 45 73 1
ar 45 74 1
ar 45 75 1
ar 45 76 1
ar 45 77 1
ar 45 78 1
ar 45 79 1
ar 45 80 1
ar 45 81 1
ar 45 82 1
ar 45 83 1
ar 45 84 1
ar 45 85 1
ar 45 86 1
ar 45 87 1
ar 45 88 1
ar 45 89 1
ar 45 90 1
ar 45 91 1
ar 45 92 1
ar 45 93 1
ar 45 94 1
ar 46 46 1
ar 46 47 1
ar 46 48 1
ar 46 49 1
ar 46 50 1
ar 46 51 1
ar 46 52 1
ar 46 53 1
ar 46 54 1
ar 46 55 1
ar 46 56 1
ar 46 57 1
ar 46 58 1
ar 46 59 1
ar 46 60 1
ar 46 61 1
ar 46 62 1
ar 46 63 1
ar 46 64 1
ar 46 65 1
ar 46 66 1
ar 46 67 1
ar 46 68 1
ar 46 69 1
ar 46 70 1
ar 46 71 1
ar 46 72 1
ar 46 73 1
ar 46 74 1
ar 46 75 1
ar 46 76 1
ar 46 77 1
ar 46 78 1
ar 46 79 1
ar 46 80 1
ar 46 81 1
ar 46 82 1
ar 46 83 1
ar 46 84 1
ar 46 85 1
ar 46 86 1
ar 46 87 1
ar 46 88 1
ar 46 89 1
ar 46 90 1
ar 46 91 1
ar 46 92 1
ar 46 93 1
ar 46 94 1
ar 46 95 1
ar 47 47 1
ar 47 48 1
ar 47 49 1
ar 47 50 1
ar 47 51 1
ar 47 52 1
ar 47 53 1
ar 47 54 1
ar 47 55 1
ar 47 56 1
ar 47 57 1
ar 47 58 1
ar 47 59 1
ar 47 60 1
ar 47 61 1
ar 47 62 1
ar 47 63 1
ar 47 64 1
ar 47 65 1
ar 47 66 1
ar 47 67 1
ar 47 68 1
ar 47 69 1
ar 47 70 1
ar 47 71 1
ar 47 72 1
ar 47 73 1
ar 47 74 1
ar 47 75 1
ar 47 76 1
ar 47 77 1
ar 47 78 1
ar 47 79 1
ar 47 80 1
ar 47 81 1
ar 47 82 1
ar 47 83 1
ar 47 84 1
ar 47 85 1
ar 47 86 1
ar 47 87 1
ar 47 88 1
ar 47 89 1
ar 47 90 1
ar 47 91 1
ar 47 92 1
ar 47 93 1
ar 47 94 1
ar 47 95 1
ar 47 96 1
ar 48 48 1
ar 48 49 1
ar 48 50 1
ar 48 51 1
ar 48 52 1
ar 48 53 1
ar 48 54 1
ar 48 55 1
ar 48 56 1
ar 48 57 1
ar 48 58 1
ar 48 59 1
ar 48 60 1
ar 48 61 1
ar 48 62 1
ar 48 63 1
ar 48 64 1
ar 48 65 1
ar 48 66 1
ar 48 67 1
ar 48 68 1
ar 48 69 1
ar 48 70 1
ar 48 71 1
ar 48 72 1
ar 48 73 1
ar 48 74 1
ar 48 75 1
ar 48 76 1
ar 48 77 1
ar 48 78 1
ar 48 79 1
ar 48 80 1
ar 48 81 1
ar 48 82 1
ar 48 83 1
ar 48 84 1
ar 48 85 1
ar 48 86 1
ar 48 87 1
ar 48 88 1
ar 48 89 1
ar 48 90 1
ar 48 91 1
ar 48 92 1
ar 48 93 1
ar 48 94 1
ar 48 95 1
ar 48 96 1
ar 48 97 1
ar 49 49 1
ar 49 50 1
ar 49 51 1
ar 49 52 1
ar 49 53 1
ar 49 54 1
ar 49 55 1
ar 49 56 1
ar 49 57 1
ar 49 58 1
ar 49 59 1
ar 49 60 1
ar 49 61 1
ar 49 62 1
ar 49 63 1
ar 49 64 1
ar 49 65 1
ar 49 66 1
ar 49 67 1
ar 49 68 1
ar 49 69 1
ar 49 70 1
ar 49 71 1
ar 49 72 1
ar 49 73 1
ar 49 74 1
ar 49 75 1
ar 49 76 1
ar 49 77 1
ar 49 78 1
ar 49 79 1
ar 49 80 1
ar 49 81 1
ar 49 82 1
ar 49 83 1
ar 49 84 1
ar 49 85 1
ar 49 86 1
ar 49 87 1
ar 49 88 1
ar 49 89 1
ar 49 90 1
ar 49 91 1
ar 49 92 1
ar 49 93 1
ar 49 94 1
ar 49 95 1
ar 49 96 1
ar 49 97 1
ar 49 98 1
ar 50 50 1
ar 50 51 1
ar 50 52 1
ar 50 53 1
ar 50 54 1
ar 50 55 1
ar 50 56 1
ar 50 57 1
ar 50 58 1
ar 50 59 1
ar 50 60 1
ar 50 61 1
ar 50 62 1
ar 50 63 1
ar 50 64 1
ar 50 65 1
ar 50 66 1
ar 50 67 1
ar 50 68 1
ar 50 69 1
ar 50 70 1
ar 50 71 1
ar 50 72 1
ar 50 73 1
ar 50 74 1
ar 50 75 1
ar 50 76 1
ar 50 77 1
ar 50 78 1
ar 50 79 1
ar 50 80 1
ar 50 81 1
ar 50 82 1
ar 50 83 1
ar 50 84 1
ar 50 85 1
ar 50 86 1
ar 50 87 1
ar 50 88 1
ar 50 89 1
ar 50 90 1
ar 50 91 1
ar 50 92 1
ar 50 93 1
ar 50 94 1
ar 50 95 1
ar 50 96 1
ar 50 97 1
ar 50 98 1
ar 50 99 1
mr 1 0 -1000
qbs
qts
mr 1 1 -1000
qbs
qts
mr 1 2 -1000
qbs
qts
mr 1 3 -1000
qbs
qts
mr 1 4 -1000
qbs
qts
mr 1 5 -1000
qbs
qts
mr 1 6 -1000
qbs
qts
mr 1 7 -1000
qbs
qts
mr 1 8 -1000
qbs
qts
mr 1 9 -1000
qbs
qts
mr 1 10 -1000
qbs
qts
mr 1 11 -1000
qbs
qts
mr 1 12 -1000
qbs
qts
mr 1 13 -1000
qbs
qts
mr 1 14 -1000
qbs
qts
mr 1 15 -1000
qbs
qts
mr 1 16 -1000
qbs
qts
mr 1 17 -1000
qbs
qts
mr 1 18 -1000
qbs
qts
mr 1 19 -1000
qbs
qts
mr 1 20 -1000
qbs
qts
mr 1 21 -1000
qbs
qts
mr 1 22 -1000
qbs
qts
mr 1 23 -1000
qbs
qts
mr 1 24 -1000
qbs
qts
mr 1 25 -1000
qbs
qts
mr 1 26 -1000
qbs
qts
mr 1 27 -1000
qbs
qts
mr 1 28 -1000
qbs
qts
mr 1 29 -1000
qbs
qts
mr 5 0 -1000
qbs
qts
mr 5 1 -1000
qbs
qts
mr 5 2 -1000
qbs
qts
mr 5 3 -1000
qbs
qts
mr 5 4 -1000
qbs
qts
mr 5 5 -1000
qbs
qts
mr 5 6 -1000
qbs
qts
mr 5 7 -1000
qbs
qts
mr 5 8 -1000
qbs
qts
mr 5 9 -1000
qbs
qts
mr 5 10 -1000
qbs
qts
mr 5 11 -1000
qbs
qts
mr 5 12 -1000
qbs
qts
mr 5 13 -1000
qbs
qts
mr 5 14 -1000
qbs
qts
mr 5 15 -1000
qbs
qts
mr 5 16 -1000
qbs
qts
mr 5 17 -1000
qbs
qts
mr 5 18 -1000
qbs
qts
mr 5 19 -1000
qbs
qts
mr 5 20 -1000
qbs
qts
mr 5 21 -1000
qbs
qts
mr 5 22 -1000
qbs
qts
mr 5 23 -1000
qbs
qts
mr 5 24 -1000
qbs
qts
mr 5 25 -1000
qbs
qts
mr 5 26 -1000
qbs
qts
mr 5 27 -1000
qbs
qts
mr 5 28 -1000
qbs
qts
mr 5 29 -1000
qbs
qts
mr 0 -1 -1000
qbs
qts
mr -1 -8 -1000
qbs
qts
mr -2 -6 -1000
qbs
qts
mr -3 -3 -1000
qbs
qts
mr -4 -13 -1000
qbs
qts
mr -5 -9 -1000
qbs
qts
mr -6 -14 -1000
qbs
qts
mr -7 -15 -1000
qbs
qts
mr -8 -10 -1000
qbs
qts
mr -9 -13 -1000
qbs
qts
mr -10 -15 -1000
qbs
qts
mr -11 -16 -1000
qbs
qts
mr -12 -13 -1000
qbs
qts
mr -13 -20 -1000
qbs
qts
mr -14 -15 -1000
qbs
qts
mr -15 -16 -1000
qbs
qts
mr -16 -21 -1000
qbs
qts
mr -17 -19 -1000
qbs
qts
mr -18 -25 -1000
qbs
qts
mr -19 -25 -1000
qbs
qts
mr -20 -21 -1000
qbs
qts
mr -21 -25 -1000
qbs
qts
mr -22 -24 -1000
qbs
qts
mr -23 -26 -1000
qbs
qts
mr -24 -26 -1000
qbs
qts
mr -25 -27 -1000
qbs
qts
mr -26 -27 -1000
qbs
qts
mr -27 -33 -1000
qbs
qts
mr -28 -36 -1000
qbs
qts
mr -29 -34 -1000
qbs
qts
mr -30 -37 -1000
qbs
qts
mr -31 -37 -1000
qbs
qts
mr -32 -33 -1000
qbs
qts
mr -33 -41 -1000
qbs
qts
mr -34 -43 -1000
qbs
qts
mr -35 -37 -1000
qbs
qts
mr -36 -43 -1000
qbs
qts
mr -37 -46 -1000
qbs
qts
mr -38 -43 -1000
qbs
qts
mr -39 -43 -1000
qbs
qts
mr -40 -43 -1000
qbs
qts
mr -41 -42 -1000
qbs
qts
mr -42 -44 -1000
qbs
qts
mr -43 -46 -1000
qbs
qts
mr -44 -47 -1000
qbs
qts
mr -45 -49 -1000
qbs
qts
mr -46 -47 -1000
qbs
qts
mr -47 -48 -1000
qbs
qts
mr -48 -51 -1000
qbs
qts
mr -49 -57 -1000
qbs
qts
